[305.4958218278703, 293.5303669, 95.92360577399928, DenseVector([314.0431, 323.4378, 288.3884])]
[289.7374614823719, 289.4528415, 99.90166965337187, DenseVector([293.5805, 301.5106, 279.0722])]
[283.08518229143505, 291.4472478, 97.13084766739561, DenseVector([289.4603, 296.4545, 271.7342])]
[296.83867500727064, 301.4034854, 98.48548188264269, DenseVector([290.8884, 301.9218, 289.2268])]
[294.3338751791581, 293.1470523, 99.59514418792669, DenseVector([301.3994, 303.5311, 291.8721])]
[289.351531456216, 288.0914836, 99.56262231688684, DenseVector([282.6741, 294.766, 280.1611])]
[292.48612498698077, 287.2026911, 98.16038148293633, DenseVector([288.067, 298.0286, 285.4018])]
[305.17836778821083, 305.7988739, 99.79708685520141, DenseVector([287.1972, 310.9137, 284.6029])]
[307.7573707141611, 313.7779112, 98.08127332392067, DenseVector([305.8019, 314.0525, 302.1803])]
[308.23814937507785, 307.7689029, 99.84753284992203, DenseVector([313.7817, 318.0989, 303.4367])]
[296.20266870581196, 289.1743327, 97.56951595939069, DenseVector([308.3446, 314.5001, 281.7234])]
[271.50670261785604, 267.7342738, 98.59098024159802, DenseVector([289.1802, 289.5747, 262.2147])]
[274.2068566413964, 274.6791842, 99.82804391968061, DenseVector([267.7391, 278.9355, 266.0517])]
[265.12587764852054, 267.2689248, 99.19816822959007, DenseVector([275.5647, 275.8469, 262.2602])]
[245.74581900085906, 236.8879114, 96.26071775950528, DenseVector([269.557, 270.006, 230.1214])]
[216.49000769783424, 233.0681671, 92.88699112862858, DenseVector([236.841, 236.8523, 203.8575])]
[209.6913326554195, 200.2220044, 95.27058562629219, DenseVector([233.0758, 234.7756, 190.9829])]
[212.7421395315589, 212.2264798, 99.75702384921766, DenseVector([200.2472, 219.7024, 192.4904])]
[221.42662197905292, 224.2387597, 98.74591808984793, DenseVector([211.036, 226.8851, 206.3667])]
[221.49977955958218, 219.6537524, 99.15957403895361, DenseVector([224.2296, 230.029, 213.7376])]
[232.28138631108007, 233.1300975, 99.63594954147011, DenseVector([221.0188, 235.7427, 220.4459])]
[223.43884014453118, 225.0877738, 99.2674263787717, DenseVector([233.1175, 234.7288, 217.4643])]
[218.64527683578387, 215.9390349, 98.74675649215663, DenseVector([225.0845, 228.5309, 211.9389])]
[212.18089946381565, 215.5549595, 98.43471008785379, DenseVector([215.9337, 218.9316, 208.501])]
[209.4037151310132, 215.066558, 97.3669347193501, DenseVector([212.4327, 218.0274, 201.3905])]
[222.39034307329135, 219.6820637, 98.76718229623434, DenseVector([215.0805, 225.5042, 214.8452])]
[214.03131114188648, 217.9143663, 98.21808207322698, DenseVector([219.6669, 220.4622, 212.887])]
[213.1034780913015, 206.3915854, 96.74798142652307, DenseVector([217.9174, 223.8311, 203.0216])]
[203.8232829059047, 207.3703542, 98.28949933186964, DenseVector([207.3419, 211.3757, 198.1438])]
[209.66152180515445, 211.6551177, 99.05809227931296, DenseVector([211.384, 215.035, 206.4738])]
[207.58321054168198, 210.0807134, 98.81116985091215, DenseVector([211.6403, 213.9247, 204.8359])]
[214.91763601451777, 216.085927, 99.45933962396253, DenseVector([210.0866, 218.0995, 209.4857])]
[213.65381078499297, 217.3123969, 98.31643929789675, DenseVector([216.0811, 219.2952, 210.7866])]
[218.4337957140433, 217.5168016, 99.57842607683723, DenseVector([217.315, 222.6266, 214.9063])]
[221.02341742799652, 222.1538141, 99.49116485954427, DenseVector([217.5083, 224.3458, 216.826])]
[218.17713195637882, 222.5023179, 98.05611645557549, DenseVector([222.1758, 223.5263, 217.5653])]
[233.09547338644217, 233.0314056, 99.9725068017003, DenseVector([222.5218, 236.5009, 222.0768])]
[230.72313880281163, 224.5440763, 97.24817389769117, DenseVector([233.0399, 239.2476, 222.8415])]
[226.01037032289145, 225.6844684, 99.85559399581108, DenseVector([224.5519, 230.9854, 220.9043])]
[218.18791858054897, 219.2096428, 99.53390544028976, DenseVector([225.6608, 226.614, 215.2458])]
[211.00986720304593, 209.1745628, 99.12259675436695, DenseVector([220.9739, 221.4198, 206.5951])]
[207.65323817967075, 205.9151552, 99.15592274984199, DenseVector([209.1753, 214.3848, 201.6469])]
[213.09800009038753, 214.8954808, 99.16355583518047, DenseVector([206.0073, 216.1195, 205.6598])]
[211.00189142567575, 211.3484238, 99.83603739829535, DenseVector([214.8926, 216.6277, 209.5413])]
[204.50381111525354, 206.9961675, 98.79594080661109, DenseVector([211.3496, 211.3619, 203.4689])]
[192.28611981082173, 189.687623, 98.6301178908116, DenseVector([208.7236, 208.9678, 181.9399])]
[182.46908296652748, 187.9278393, 97.09529128105476, DenseVector([189.6936, 189.911, 180.0358])]
[180.63812528537863, 185.9325033, 97.1525269005393, DenseVector([188.1462, 188.1462, 178.3067])]
[182.27231551479957, 186.3736191, 97.79941839139805, DenseVector([185.9495, 186.5727, 182.2122])]
[194.16294083603378, 194.7744371, 99.68604901491653, DenseVector([185.6368, 197.9025, 183.3606])]
[199.35345262428535, 200.6583914, 99.34967146571343, DenseVector([194.775, 202.8551, 193.0932])]
[197.94461839992178, 198.1378702, 99.90246599507547, DenseVector([200.6586, 203.5303, 194.9857])]
[186.58458856471208, 184.8960218, 99.08674792011557, DenseVector([198.1407, 198.2964, 180.5555])]
[191.5085846883911, 193.7319852, 98.85233173587027, DenseVector([184.8933, 195.0972, 182.8137])]
[192.78969355091493, 193.9669059, 99.39308597844419, DenseVector([190.6749, 196.3663, 188.6423])]
[187.75663408129424, 190.798504, 98.40571605388176, DenseVector([194.0346, 194.2766, 186.2782])]
[186.1466414003462, 186.1119315, 99.98134998650197, DenseVector([190.804, 192.5965, 183.1354])]
[191.10022678603224, 188.0709594, 98.38929551074952, DenseVector([186.8026, 194.0877, 185.8346])]
[185.05914349231028, 185.7509883, 99.62754178913313, DenseVector([188.0588, 189.1812, 184.7451])]
[174.8562654983827, 174.0590163, 99.54196615876043, DenseVector([187.1407, 188.0544, 166.3943])]
[166.64284272225802, 168.961462, 98.62772300245486, DenseVector([174.0617, 174.0883, 163.9106])]
[166.54460164377173, 168.6898906, 98.72826465854126, DenseVector([168.9516, 170.3022, 165.7575])]
[171.49795791131487, 172.8455754, 99.22033440221628, DenseVector([168.5187, 174.973, 166.0266])]
[168.94739953283744, 172.0143992, 98.2170099239212, DenseVector([172.8262, 173.5499, 168.1104])]
[177.98086637798195, 178.4059547, 99.76172974566188, DenseVector([172.0213, 181.0235, 170.552])]
[178.95606380859772, 180.3972338, 99.20111303203237, DenseVector([178.6012, 183.0465, 175.1707])]
[174.82038326800594, 174.3697252, 99.74155027916169, DenseVector([180.3998, 180.7035, 173.4476])]
[171.01766184012718, 174.9847095, 97.73291753821906, DenseVector([174.378, 175.5947, 169.7754])]
[171.12543276371122, 169.1709225, 98.84465354043853, DenseVector([174.9984, 178.3285, 165.4529])]
[178.52493092137743, 178.6452352, 99.93265743780522, DenseVector([169.1519, 181.0205, 168.7407])]
[181.41371099259547, 181.445454, 99.98250548211335, DenseVector([178.2157, 184.2882, 177.1594])]
[180.41981753008793, 182.2717701, 98.98396083557205, DenseVector([181.4414, 185.454, 176.2743])]
[179.4613179843368, 179.4033829, 99.96770680496638, DenseVector([182.2687, 184.5444, 176.9743])]
[177.34355127010514, 178.3436659, 99.43922054935462, DenseVector([179.9271, 182.5129, 174.406])]
[179.48050762348043, 181.2873036, 99.00335217048286, DenseVector([178.3473, 182.5456, 176.866])]
[177.36830595122882, 180.7958504, 98.10419075372143, DenseVector([181.2892, 181.4557, 177.8018])]
[185.81333267624026, 187.4962298, 99.10243681936706, DenseVector([180.7985, 188.6503, 179.9538])]
[186.99108588119844, 188.7210222, 99.08333671647442, DenseVector([188.605, 190.6841, 186.163])]
[196.70725747493282, 197.7618966, 99.46671267660811, DenseVector([189.4595, 199.7446, 188.5794])]
[211.62802803168927, 211.8446526, 99.89774366940489, DenseVector([197.761, 215.1567, 196.4357])]
[212.4713804429066, 211.7686705, 99.66817096162174, DenseVector([211.8259, 217.7314, 207.2231])]
[217.00612782329523, 220.4508762, 98.43740771818045, DenseVector([210.2546, 224.0579, 202.4376])]
[215.72012609973996, 214.5472068, 99.45330479140968, DenseVector([220.4685, 222.9281, 212.2803])]
[217.92154440579026, 215.6904162, 98.96558769504091, DenseVector([214.5594, 221.3215, 213.6353])]
[208.65613276753055, 210.6311029, 99.06235588890826, DenseVector([215.6898, 216.4275, 206.2164])]
[202.96598694476003, 201.7345164, 99.38955882873395, DenseVector([210.6312, 211.9377, 198.7209])]
[175.07265462070308, 168.9992628, 96.40626135281397, DenseVector([201.7107, 202.7948, 153.5773])]
[170.9353353046581, 169.9438202, 99.41656301271136, DenseVector([166.4584, 175.2362, 162.399])]
[159.94760794236365, 166.6986944, 95.95012637505316, DenseVector([169.9463, 170.9987, 152.7923])]
[172.13660158413046, 172.7389316, 99.65130615878515, DenseVector([166.7002, 177.1356, 161.3663])]
[170.4734485044927, 172.997552, 98.54095999259728, DenseVector([174.052, 175.5296, 168.5298])]
[168.11679259613734, 171.0073197, 98.30970562609042, DenseVector([172.9944, 174.63, 164.6523])]
[176.39541967460934, 177.9168792, 99.14484812670283, DenseVector([169.465, 180.7384, 165.502])]
[179.42175072475527, 176.9313026, 98.59242085026324, DenseVector([181.1987, 185.5531, 173.9327])]
[175.64953348105206, 178.6122629, 98.34125083527626, DenseVector([176.9356, 179.212, 174.3922])]
[174.6499227349431, 175.1317829, 99.72485852820213, DenseVector([178.6145, 181.4239, 169.9848])]
[174.86537163978073, 176.8658985, 98.86890187583603, DenseVector([175.0229, 179.0944, 171.204])]
[172.38635739524767, 176.060443, 97.91316803357564, DenseVector([176.862, 176.9345, 172.3521])]
[170.487965147538, 169.4697137, 99.39915432362119, DenseVector([176.5445, 177.0911, 168.1019])]
[179.8088469754738, 181.4028513, 99.12129036941649, DenseVector([169.4752, 182.5301, 168.6814])]
[180.6091888617604, 180.7891908, 99.90043545333486, DenseVector([181.4028, 184.9467, 177.5541])]
[191.29373211334644, 193.1512327, 99.03831802640441, DenseVector([180.7336, 194.6157, 179.1624])]
[190.00612670930272, 192.1981992, 98.85947292960002, DenseVector([193.1522, 195.709, 187.0136])]
[187.9021061830806, 181.0085295, 96.19157356721104, DenseVector([192.1986, 196.9808, 179.6353])]
[180.58416142695125, 180.79133, 99.8854101172613, DenseVector([181.012, 184.5822, 177.8028])]
[181.6970400732146, 181.5366658, 99.91165736546508, DenseVector([179.802, 184.5516, 178.7877])]
[184.6360344610727, 186.1238271, 99.20064364562634, DenseVector([181.5368, 187.56, 180.486])]
[174.4971865753584, 174.7540832, 99.85299535213287, DenseVector([180.5031, 181.2679, 171.8682])]
[175.70347283871985, 176.3901046, 99.61073113322472, DenseVector([174.7542, 178.9595, 172.7969])]
[171.0238629926708, 173.7500889, 98.43094992089571, DenseVector([176.3914, 177.2023, 168.7673])]
[171.26124804953093, 171.1585128, 99.93997654697375, DenseVector([172.8195, 174.9466, 169.9092])]
[173.51194723871316, 174.6693847, 99.33735527649864, DenseVector([171.1615, 176.5968, 169.4637])]
[173.72977774769765, 173.7658274, 99.9792538884994, DenseVector([175.1424, 177.6713, 171.826])]
[171.65273173632616, 171.3018586, 99.7951726039672, DenseVector([173.764, 175.2731, 170.9862])]
[160.10363369442157, 159.5431046, 99.64866604807088, DenseVector([171.2343, 171.5361, 153.3633])]
[161.45793772138137, 161.0687513, 99.75837248489219, DenseVector([159.5284, 163.7494, 158.953])]
[185.09322714290502, 179.9804506, 97.15926006082296, DenseVector([160.4767, 187.5246, 160.4378])]
[192.2251898675066, 184.9332869, 96.05700894104068, DenseVector([179.9786, 197.8759, 174.0567])]
[185.22253304825642, 183.9328016, 99.298802912239, DenseVector([184.9409, 189.8001, 180.7853])]
[190.20774773746035, 192.3885044, 98.86648286531425, DenseVector([181.9923, 192.8825, 181.5986])]
[183.76686494293233, 183.3652158, 99.78095674188805, DenseVector([192.396, 192.593, 180.1673])]
[180.08842710052676, 181.5668036, 99.18576718311891, DenseVector([183.373, 185.2491, 177.9502])]
[180.2289812053868, 182.8739795, 98.55364973089941, DenseVector([181.5679, 184.6004, 177.6418])]
[182.63263883377428, 182.853304, 99.87932120371983, DenseVector([183.0485, 185.5946, 181.8531])]
[180.5683980861317, 182.2438145, 99.08067309803357, DenseVector([182.853, 184.8238, 179.1528])]
[185.10727015340842, 185.3686817, 99.8589775013804, DenseVector([182.2454, 188.4429, 180.4332])]
[188.08559322758185, 188.8571937, 99.59143707618368, DenseVector([185.9744, 192.2946, 182.6068])]
[191.65387868015694, 191.0586073, 99.68843519348896, DenseVector([188.8548, 194.5981, 187.9803])]
[186.37231888740016, 187.0749396, 99.62441751198628, DenseVector([191.0565, 192.1825, 184.5991])]
[182.7813483664831, 184.4694667, 99.08487926825187, DenseVector([186.5114, 188.0422, 180.9812])]
[182.25473977375654, 185.1915992, 98.41415083679267, DenseVector([184.4704, 185.6216, 182.4951])]
[187.93044857121134, 189.7227333, 99.05531366873437, DenseVector([185.1913, 191.3733, 183.2635])]
[184.9904472465052, 185.359517, 99.800889773847, DenseVector([189.7217, 190.0452, 184.6442])]
[183.0936171655992, 186.3251476, 98.26564987280288, DenseVector([185.3596, 187.106, 182.1946])]
[186.27912014353046, 187.251114, 99.48091424627277, DenseVector([186.3259, 189.2966, 185.1391])]
[183.4144615765843, 184.8074617, 99.24624248901975, DenseVector([187.805, 188.3567, 182.892])]
[179.7940631231481, 180.724972, 99.48490301780105, DenseVector([184.8075, 186.2299, 176.9691])]
[180.128845824489, 182.1067434, 98.91388010208577, DenseVector([180.7248, 183.2523, 179.1479])]
[182.72770129467926, 184.192142, 99.20493855523938, DenseVector([182.1067, 186.1566, 180.0386])]
[176.82030565799334, 178.4221817, 99.10219905017188, DenseVector([183.7883, 183.8702, 174.696])]
[173.11134271288427, 175.5936935, 98.5863098283107, DenseVector([178.4223, 178.4223, 172.4957])]
[173.88745880331032, 174.7796504, 99.48953348135906, DenseVector([175.6028, 177.2658, 173.3506])]
[163.82415415934895, 160.5179612, 97.9402971887803, DenseVector([174.7791, 175.5399, 156.4895])]
[148.71435232710868, 149.5245322, 99.4581625764208, DenseVector([160.8533, 162.5769, 138.0537])]
[150.85032696501898, 152.136245, 99.1547589235024, DenseVector([149.5209, 154.3257, 146.3886])]
[145.5935318059438, 144.315288, 99.11426999616022, DenseVector([152.1385, 152.9254, 141.5578])]
[145.33735604970565, 146.9818122, 98.8811839195065, DenseVector([140.2001, 151.5314, 131.7921])]
[146.3722890120972, 148.0068818, 98.8955967668371, DenseVector([146.9829, 149.8963, 143.6152])]
[150.29053591329176, 152.957277, 98.25654513533982, DenseVector([148.0064, 155.8367, 140.961])]
[151.16174967269814, 150.4119794, 99.50152223533725, DenseVector([152.9551, 154.6623, 149.7749])]
[155.09792119929298, 153.6738095, 99.0732892586404, DenseVector([150.4199, 157.5477, 149.3601])]
[151.04872637045497, 151.655424, 99.5999499302148, DenseVector([154.6334, 155.3667, 149.9045])]
[147.63062496969513, 151.5529038, 97.41194082596994, DenseVector([151.6562, 152.3993, 145.9724])]
[147.80181289261319, 149.4546547, 98.89408475720977, DenseVector([151.5531, 152.1396, 146.6868])]
[146.58452348883296, 147.8113219, 99.17002405810496, DenseVector([149.0438, 150.023, 145.8376])]
[148.0254001670266, 145.6033386, 98.33653431966938, DenseVector([147.809, 152.1783, 143.3107])]
[146.2182829007021, 147.8270036, 98.91175451025788, DenseVector([145.6036, 148.8058, 143.9985])]
[146.55770532002893, 148.6504041, 98.5922010823709, DenseVector([148.0544, 149.5198, 145.7475])]
[147.0290257111448, 147.8712516, 99.43043297480605, DenseVector([148.6506, 149.5849, 147.1228])]
[149.30452625878905, 151.4106799, 98.60897947053539, DenseVector([147.8743, 151.8454, 146.4545])]
[147.3001941384968, 147.1595339, 99.90441649632271, DenseVector([151.4106, 151.5516, 146.6904])]
[144.6910084758581, 145.797319, 99.24119967930145, DenseVector([147.1614, 148.1517, 143.8552])]
[142.6504469711811, 143.0108044, 99.74802083637613, DenseVector([145.8002, 146.3075, 142.0594])]
[142.0761802478732, 144.5101037, 98.31574167493535, DenseVector([143.2522, 145.8505, 139.2794])]
[142.48252802106208, 144.4855855, 98.6136627595021, DenseVector([144.6913, 145.1629, 142.7874])]
[141.62563813807452, 142.0555393, 99.69737106765152, DenseVector([144.4855, 145.0437, 141.1642])]
[141.07664073097504, 142.6819305, 98.87491726289409, DenseVector([142.0554, 143.9031, 139.8373])]
[134.03115043826395, 132.3435787, 98.72485559568447, DenseVector([142.6815, 142.6819, 129.2557])]
[125.0428141428854, 120.8798162, 96.55608514824544, DenseVector([132.3441, 132.7613, 120.4019])]
[130.34140709995782, 133.8778331, 97.35846785225404, DenseVector([120.8796, 134.2879, 116.2571])]
[128.73198534283085, 127.2736814, 98.85419834895194, DenseVector([132.9349, 133.9879, 125.7529])]
[126.34888142627466, 127.3752755, 99.19419677822377, DenseVector([127.2736, 128.5234, 125.8309])]
[128.2204957256968, 129.8708364, 98.72924459405175, DenseVector([127.6402, 130.2113, 126.6059])]
[128.25397215592588, 128.9106173, 99.49061981252794, DenseVector([129.8707, 131.4356, 126.5881])]
[127.63175730787214, 125.0138244, 97.90588527273938, DenseVector([128.9105, 131.6841, 123.9704])]
[126.37189665887448, 128.0056504, 98.72368623102162, DenseVector([125.013, 128.3186, 124.0075])]
[124.29958534316494, 125.3335416, 99.17503627230536, DenseVector([128.0089, 128.1732, 123.295])]
[129.5607893067537, 125.2582993, 96.56510584065252, DenseVector([125.3333, 132.067, 123.3817])]
[123.67008679900114, 126.1492139, 98.03476611200756, DenseVector([125.2563, 126.6639, 122.1867])]
[127.72606656454812, 128.0111453, 99.77730162886692, DenseVector([126.1494, 129.3741, 125.7485])]
[135.83569815447134, 134.768035, 99.20777715986483, DenseVector([128.0114, 137.8063, 127.2727])]
[132.24578618072084, 132.0730737, 99.86922960458, DenseVector([134.2791, 136.0116, 130.0178])]
[129.67220333413877, 128.7226035, 99.26228975462047, DenseVector([132.1265, 133.4052, 127.8466])]
[130.9506546526299, 129.8873633, 99.18137428798671, DenseVector([128.7216, 132.6792, 128.2704])]
[127.21807647245545, 127.0556009, 99.8721224634691, DenseVector([129.8863, 130.6324, 126.1302])]
[132.33141034836814, 132.9708332, 99.5191254832027, DenseVector([127.0556, 134.6842, 125.4814])]
[133.71150855835793, 133.8206207, 99.91846388017682, DenseVector([132.9703, 135.5848, 132.3264])]
[136.47033331438877, 134.8342522, 98.78659829554144, DenseVector([133.8168, 138.1954, 133.543])]
[141.57895221805504, 143.1316009, 98.91522998961653, DenseVector([135.2739, 143.5312, 134.7411])]
[141.46902069554358, 142.133414, 99.5325565707889, DenseVector([143.1325, 145.3195, 138.9962])]
[143.47854592842083, 140.3393937, 97.76317102015466, DenseVector([142.1875, 147.8879, 137.0703])]
[137.10639313755337, 137.494999, 99.71736727497512, DenseVector([140.5103, 141.3851, 135.428])]
[142.24634724149723, 142.8347834, 99.58803020910189, DenseVector([137.4956, 145.1033, 135.2747])]
[144.63966968218818, 143.0715916, 98.90399060732321, DenseVector([144.8465, 147.8493, 142.019])]
[143.35205127607742, 145.2809937, 98.67226787565497, DenseVector([143.0715, 145.723, 141.7851])]
[143.5714405575825, 143.936917, 99.74608568111994, DenseVector([145.3011, 146.9425, 142.1318])]
[168.61126669990165, 163.8546315, 97.09703951828689, DenseVector([143.5929, 170.7564, 143.5883])]
[166.93763370605467, 166.5383399, 99.76023910992843, DenseVector([163.8406, 171.6563, 158.8672])]
[160.9455748223391, 163.9372081, 98.17513466751487, DenseVector([166.3027, 167.2172, 158.1936])]
[170.896939984376, 171.5889768, 99.5966892346292, DenseVector([163.937, 174.0779, 161.9931])]
[173.4688088898562, 176.700434, 98.17112780258152, DenseVector([171.5959, 179.1611, 164.9858])]
[167.86359502952803, 166.0633101, 98.91590446532474, DenseVector([176.6579, 177.8974, 161.6662])]
[164.52300818247375, 167.5725368, 98.1801739856896, DenseVector([166.0632, 169.2063, 161.067])]
[166.17218845754854, 169.0544916, 98.29504492003011, DenseVector([167.3736, 169.9529, 164.1286])]
[167.29550915548748, 167.1518345, 99.9140454210884, DenseVector([169.0544, 171.1612, 165.6821])]
[161.42680308114046, 162.6714167, 99.23489101889677, DenseVector([167.1518, 167.8246, 158.8188])]
[158.51061725462722, 162.8065224, 97.3613433405216, DenseVector([162.3679, 164.2164, 155.2544])]
[158.87934219865048, 160.9178681, 98.73318859774932, DenseVector([162.8065, 163.727, 157.3198])]
[164.5861696376048, 166.7218659, 98.71900650171693, DenseVector([160.9179, 167.5505, 159.1773])]
[168.71766127692524, 169.8001126, 99.36251436674561, DenseVector([166.7228, 171.7815, 164.9162])]
[171.91897612429864, 173.5481484, 99.06125631951636, DenseVector([169.8015, 174.2349, 169.5019])]
[175.76633521538352, 175.4603221, 99.82559412195248, DenseVector([173.5176, 178.2468, 173.0267])]
[182.37352513159806, 186.2620414, 97.9123410013255, DenseVector([173.5604, 186.3123, 170.548])]
[178.3655631449398, 181.7284342, 98.14950749459537, DenseVector([186.3286, 186.6111, 175.0292])]
[180.30462606399868, 182.7739889, 98.64895281278105, DenseVector([181.7283, 184.0333, 179.0146])]
[188.47136767354078, 189.3125531, 99.55566315456383, DenseVector([183.4823, 193.2911, 178.986])]
[191.15751109266915, 189.2575929, 98.99612049188798, DenseVector([189.3134, 195.0897, 186.5603])]
[186.1543301036586, 188.6750822, 98.66397191036104, DenseVector([189.613, 191.341, 184.327])]
[204.2137062770358, 204.5305348, 99.8450947564998, DenseVector([188.6684, 207.4708, 187.6323])]
[212.0041673619005, 211.2924866, 99.66317744026185, DenseVector([203.5375, 216.1314, 201.079])]
[221.26222652703626, 221.8331394, 99.74263860011723, DenseVector([211.2919, 224.4647, 210.8639])]
[220.1276645176868, 224.0294272, 98.25837046004233, DenseVector([221.8324, 227.6192, 213.2555])]
[227.64183723316228, 228.044309, 99.823511593601, DenseVector([223.3181, 230.8104, 223.1313])]
[220.47102797830274, 223.3196378, 98.72442484245455, DenseVector([228.0451, 229.548, 216.4743])]
[233.95772600611787, 237.8783455, 98.35183842159263, DenseVector([222.9543, 239.6842, 218.1671])]
[270.86236983231373, 268.3962677, 99.08117122736215, DenseVector([237.8862, 275.4724, 236.4063])]
[267.5582888530192, 266.2518149, 99.50930890236002, DenseVector([268.3808, 277.9827, 255.7409])]
[277.1784075479882, 284.0004909, 97.59786212678979, DenseVector([268.5806, 285.4472, 260.3258])]
[273.187066700597, 267.3531863, 97.8179125218838, DenseVector([283.9993, 289.0018, 261.3504])]
[253.00195953004436, 255.3551842, 99.07845040337519, DenseVector([267.3499, 273.9228, 234.4557])]
[250.88260226646966, 261.1372307, 96.07308831220966, DenseVector([259.3453, 263.2025, 242.5995])]
[281.5428939403102, 281.3812072, 99.9425381879909, DenseVector([261.1376, 286.3719, 259.5322])]
[267.280060057453, 265.1448245, 99.19469084057005, DenseVector([281.4043, 286.752, 251.6772])]
[254.00629071506367, 259.7141345, 97.80225908923862, DenseVector([258.8474, 264.2184, 246.178])]
[262.0014231768916, 263.949385, 99.26199418001735, DenseVector([259.711, 268.6092, 254.0969])]
[258.95806737590794, 262.5732338, 98.62317785717423, DenseVector([265.6882, 267.2731, 256.7367])]
[270.868469836811, 272.8428067, 99.27638302542466, DenseVector([262.5692, 275.3366, 261.2757])]
[265.63511695217124, 263.8974852, 99.34155046954906, DenseVector([272.8473, 277.7084, 257.023])]
[253.1792661172423, 251.9396762, 99.50798145971329, DenseVector([263.8961, 267.0061, 244.376])]
[229.59512951476512, 225.6910701, 98.27017550449148, DenseVector([251.9398, 251.9807, 215.5426])]
[228.03307374488355, 228.5854083, 99.7583684106417, DenseVector([223.8823, 238.4283, 210.1002])]
[224.80579923995896, 229.7854128, 97.83292877499792, DenseVector([227.6272, 234.7949, 214.4878])]
[225.81444052076182, 223.499288, 98.96413427466408, DenseVector([229.786, 233.2692, 221.4456])]
[218.8261738790986, 218.777736, 99.9778597767834, DenseVector([223.4993, 227.7761, 212.1268])]
[229.54198884598355, 230.812952, 99.4493536246543, DenseVector([218.7769, 234.1853, 215.8928])]
[223.27136557701726, 224.6566351, 99.38338365908217, DenseVector([232.0343, 232.6651, 219.9494])]
[223.83212756297877, 223.5277347, 99.86382322382173, DenseVector([224.6563, 229.0479, 220.4809])]
[231.1260992931107, 229.4143467, 99.25385983146506, DenseVector([223.5285, 234.2593, 223.5261])]
[238.0531807150444, 240.4900817, 98.98669376810494, DenseVector([228.9366, 241.8133, 227.9712])]
[247.13356238023306, 240.5548524, 97.26519339992616, DenseVector([240.5177, 252.599, 236.6121])]
[218.1263353882096, 204.4108196, 93.29022024614513, DenseVector([240.5744, 240.6523, 203.5604])]
[199.36765192022148, 198.9773509, 99.80384650893376, DenseVector([204.4096, 209.7067, 189.8229])]
[199.98323908227152, 203.1258772, 98.45286176185509, DenseVector([203.1224, 206.4171, 195.9137])]
[189.37156988729294, 194.427784, 97.39943849141073, DenseVector([203.1278, 203.1525, 181.725])]
[157.13073070442212, 127.2928962, 76.55970176250722, DenseVector([194.4191, 195.6349, 125.3989])]
[121.18007941507305, 134.8210288, 89.88217972645604, DenseVector([127.2961, 142.7696, 89.122])]
[131.1761088684192, 124.9746147, 95.03779692915573, DenseVector([134.8209, 138.6603, 123.5202])]
[136.0800168186331, 123.7851093, 90.06753915058093, DenseVector([124.9784, 140.1188, 120.3637])]
[112.18954678080006, 107.8983448, 96.02292139999533, DenseVector([123.7057, 125.3449, 101.1182])]
[119.48314066737619, 118.3424036, 99.03607072978515, DenseVector([107.9064, 120.9955, 107.5406])]
[113.82159653286604, 116.6065978, 97.61162634046599, DenseVector([118.3389, 119.0686, 110.7149])]
[141.48793724857057, 140.8145457, 99.52178835984373, DenseVector([116.5964, 143.5123, 115.9858])]
[138.67639199471523, 131.753158, 94.74529939182541, DenseVector([140.8218, 153.144, 116.6076])]
[133.2589947811017, 133.0816861, 99.86676703136413, DenseVector([131.765, 137.8093, 126.0692])]
[130.42551367712903, 123.2739472, 94.19863917756578, DenseVector([133.057, 137.6054, 122.3096])]
[134.86584907547143, 133.5701414, 99.02994212487117, DenseVector([122.4792, 137.8896, 119.7426])]
[142.37604306904413, 140.1136999, 98.38535191729376, DenseVector([133.5756, 144.3268, 133.0782])]
[137.498581592377, 136.2496619, 99.08335941905409, DenseVector([140.1092, 142.7179, 133.2704])]
[136.07004636250457, 136.6194963, 99.59782464993948, DenseVector([136.374, 139.0569, 133.7024])]
[139.26870719012882, 137.3184524, 98.5797576683665, DenseVector([136.6186, 141.8027, 134.9075])]
[129.56515778363934, 131.2719317, 98.6998180842945, DenseVector([137.3175, 137.348, 125.3915])]
[126.84299625971774, 125.7283385, 99.11343952125978, DenseVector([131.2753, 132.104, 124.025])]
[133.6916351563109, 133.7604753, 99.94853476444764, DenseVector([124.485, 135.4306, 124.1212])]
[132.1178247802327, 133.8929306, 98.67423484435459, DenseVector([133.7498, 135.2848, 130.6133])]
[130.81292008809504, 133.6525611, 97.87535608107028, DenseVector([133.9133, 134.9038, 128.9924])]
[148.07406793531385, 142.5059265, 96.09269482886113, DenseVector([133.6531, 149.9255, 133.5361])]
[142.9871172625543, 141.9206657, 99.24855794799565, DenseVector([141.4471, 146.9357, 137.1831])]
[143.3589103068129, 144.1399041, 99.45816961786983, DenseVector([141.915, 146.5603, 139.069])]
[142.36354581986268, 143.4993181, 99.20851729807814, DenseVector([144.443, 145.9356, 140.857])]
[165.1731640124457, 165.9462414, 99.5341398629868, DenseVector([143.5004, 167.6463, 142.7617])]
[172.47661981748666, 166.4521496, 96.38065940754504, DenseVector([165.9313, 176.4758, 162.4939])]
[170.70409676898515, 172.8180919, 98.7767512603726, DenseVector([166.4529, 174.5495, 163.2432])]
[167.89664039113413, 170.898714, 98.24336091325657, DenseVector([172.806, 173.7713, 165.6593])]
[159.4560559672795, 158.3075978, 99.27454008320534, DenseVector([170.8986, 171.0958, 152.6165])]
[157.48437992985467, 158.010143, 99.66725992384848, DenseVector([158.1339, 161.5065, 154.1695])]
[162.0888038657081, 162.023023, 99.95940029726016, DenseVector([158.007, 165.479, 155.3893])]
[154.5155848926824, 158.3185448, 97.59790622625934, DenseVector([162.023, 162.6437, 150.214])]
[158.9653696254494, 159.7720237, 99.49512182679413, DenseVector([158.1905, 162.2261, 155.7098])]
[157.29009338960196, 155.7292613, 98.99772716021869, DenseVector([159.7696, 161.4999, 155.4398])]
[170.052734659669, 174.0709972, 97.6915956104312, DenseVector([153.013, 174.5424, 148.612])]
[169.83229746785813, 170.4157421, 99.65763454423154, DenseVector([174.0951, 174.9408, 168.4524])]
[187.27547118553383, 188.1478721, 99.53632166830859, DenseVector([170.4145, 189.7083, 170.4145])]
[181.30344677847302, 182.8541797, 99.15192919075123, DenseVector([188.0228, 189.6751, 176.5802])]
[176.09497807890028, 171.3567484, 97.23487418899909, DenseVector([182.8505, 186.6824, 167.0759])]
[171.24869165378402, 173.0543256, 98.9566086025555, DenseVector([171.3555, 174.8468, 168.6138])]
[180.40610524696535, 182.209944, 99.01002178397319, DenseVector([173.0532, 184.2368, 170.1792])]
[188.92842351713114, 189.041151, 99.94036881267779, DenseVector([182.2104, 193.4272, 178.3381])]
[186.04626986752257, 186.7921766, 99.60067560320006, DenseVector([187.8384, 189.9549, 184.9609])]
[195.21890301661253, 193.6154222, 99.17182174932523, DenseVector([186.7923, 198.1592, 186.0531])]
[196.92593381420403, 195.0902575, 99.05906305228798, DenseVector([193.6142, 199.9994, 192.66])]
[194.18371630094134, 197.025236, 98.55778896310589, DenseVector([195.0914, 199.2723, 190.2449])]
[193.35351010570827, 197.3102249, 97.99467321255294, DenseVector([196.8082, 198.0334, 192.6975])]
[216.12422104767063, 215.2002836, 99.57066160312876, DenseVector([197.3101, 219.3371, 196.7336])]
[217.73366975090656, 210.6202342, 96.62262480244334, DenseVector([215.129, 227.4633, 202.2788])]
[212.0189670488913, 212.3596702, 99.83956315679535, DenseVector([210.6228, 217.5523, 205.4941])]
[212.24633687201444, 214.7327164, 98.84210493413869, DenseVector([212.3609, 215.8868, 210.7982])]
[212.3428023001341, 210.1867624, 98.97422659947013, DenseVector([214.4689, 219.8058, 205.7053])]
[200.28496704722198, 207.6209439, 96.46664892521086, DenseVector([210.1832, 210.7856, 195.3044])]
[205.91292700387845, 205.0922163, 99.59983332440176, DenseVector([207.6195, 211.8737, 201.4884])]
[206.6202798194286, 206.1612678, 99.77735293135959, DenseVector([205.5914, 211.0983, 202.2827])]
[207.7840709087086, 212.9707684, 97.56459652643512, DenseVector([206.1614, 215.2475, 197.2693])]
[210.9507502246158, 213.6120028, 98.75416524329118, DenseVector([212.9741, 216.7245, 207.3486])]
[210.19606317826373, 211.3727352, 99.44331892160884, DenseVector([213.62, 215.3336, 209.1648])]
[193.43047241025738, 188.6446608, 97.46305483019673, DenseVector([211.3656, 212.1112, 180.8482])]
[185.37096673541117, 186.0147755, 99.65389374964526, DenseVector([187.7541, 193.7202, 176.4929])]
[188.83005781732885, 189.8181868, 99.47943397873024, DenseVector([186.0055, 192.3451, 183.9697])]
[197.98299203031434, 199.4712477, 99.25389965378672, DenseVector([190.0452, 201.2871, 188.7043])]
[201.68005207209796, 203.7694208, 98.97464068960929, DenseVector([199.4691, 206.1466, 196.0343])]
[195.44591218515737, 196.1392799, 99.64649216862827, DenseVector([203.2279, 204.0782, 191.7253])]
[199.0903091808106, 201.4660091, 98.8207936764111, DenseVector([196.1356, 203.2352, 193.2293])]
[206.09219907282457, 207.4047794, 99.36714075202482, DenseVector([201.4678, 209.7419, 199.7143])]
[213.8743092238857, 214.5257268, 99.69634524220882, DenseVector([206.959, 216.7255, 206.9555])]
[210.54536030636098, 213.6812562, 98.53244222286679, DenseVector([214.5155, 216.0657, 209.3485])]
[208.6977081425768, 209.853671, 99.44915766690438, DenseVector([213.6804, 215.4787, 206.0796])]
[199.27864329183922, 200.2877989, 99.49614723727397, DenseVector([209.8502, 211.5762, 191.555])]
[204.32616820080372, 208.0416961, 98.21404652584147, DenseVector([200.286, 209.1385, 196.2872])]
[206.8657730179467, 207.6257023, 99.633990746986, DenseVector([208.0325, 211.2689, 204.8651])]
[204.81549884437646, 206.4529748, 99.20685281613896, DenseVector([207.6066, 210.572, 201.8228])]
[199.46280421699055, 204.0382217, 97.75756843747797, DenseVector([206.4469, 206.4838, 198.1043])]
[198.71026586847938, 201.2088663, 98.75820560124063, DenseVector([204.038, 205.0094, 197.0368])]
[204.9312306356672, 206.1006556, 99.4325952234706, DenseVector([201.2089, 207.9945, 200.5211])]
[211.89622706058566, 216.5178744, 97.86546614120356, DenseVector([206.0985, 216.7993, 202.1672])]
[221.51409175286355, 220.5019166, 99.5409676394334, DenseVector([216.5247, 224.6402, 216.2318])]
[242.40717608805937, 243.6303481, 99.49793938994884, DenseVector([220.8556, 246.8045, 218.8651])]
[234.75126471551874, 231.2504176, 98.48612290007871, DenseVector([243.6271, 245.2637, 229.7879])]
[247.01435020132803, 250.0599161, 98.78206553606374, DenseVector([231.2101, 250.7285, 230.6284])]
[237.3212751099669, 237.3090653, 99.9948548910462, DenseVector([250.0726, 253.1479, 226.2937])]
[239.8221577919879, 244.5193628, 98.07900488770123, DenseVector([237.3096, 245.0052, 233.6979])]
[239.0216849168453, 243.4132804, 98.19582749308583, DenseVector([244.5417, 246.5683, 236.4287])]
[242.54869336505013, 240.7663786, 99.25973270212648, DenseVector([243.4205, 248.0077, 239.3618])]
[239.9770121993884, 242.3213963, 99.03253111924579, DenseVector([240.7523, 244.6717, 238.0541])]
[238.13139142777322, 243.8256551, 97.66461668281322, DenseVector([242.3214, 245.2422, 235.0061])]
[242.48225208716053, 247.0407956, 98.15474059587288, DenseVector([243.8257, 247.2318, 241.0992])]
[242.377265748924, 244.5428507, 99.11443538632307, DenseVector([247.0469, 249.7179, 239.4276])]
[245.5442793558194, 247.4454296, 99.23168908504238, DenseVector([244.5876, 250.0458, 242.4296])]
[235.59430099054393, 230.5056339, 97.7923892772393, DenseVector([247.4446, 250.058, 226.1819])]
[235.08827979865646, 237.2197469, 99.10147990241215, DenseVector([230.5221, 239.474, 228.2728])]
[234.21042129511432, 238.2201401, 98.31680108860549, DenseVector([237.226, 238.7502, 234.635])]
[231.05061143358347, 232.6132805, 99.3282115866052, DenseVector([238.2201, 238.5668, 229.9143])]
[222.8888078054626, 231.2550027, 96.3822642551043, DenseVector([232.6116, 233.4718, 218.2724])]
[231.69247859593602, 234.750921, 98.6971542471333, DenseVector([231.2543, 236.0722, 228.8988])]
[230.31847429297744, 234.031026, 98.4136497752129, DenseVector([234.7545, 237.1686, 227.6893])]
[228.01085875792722, 231.8059383, 98.36282039627422, DenseVector([234.0395, 234.4131, 227.7415])]
[226.17565520288593, 228.8903068, 98.81399451332551, DenseVector([231.8061, 231.9706, 226.5965])]
[226.02001481092788, 228.7451599, 98.80865453491411, DenseVector([228.8773, 230.6571, 225.852])]
[227.2804782482416, 227.6154757, 99.85282307772432, DenseVector([228.7389, 231.2319, 227.048])]
[243.30070907620836, 243.228194, 99.97018640190686, DenseVector([227.6089, 246.7636, 227.386])]
[240.62655931519453, 242.9270899, 99.05299545400537, DenseVector([243.2114, 245.0346, 241.0668])]
[239.61163656644163, 235.1756536, 98.11375756863566, DenseVector([242.9271, 249.1446, 231.0996])]
[228.146426085108, 232.5691464, 98.09832027018525, DenseVector([235.1887, 235.3298, 227.4208])]
[227.68587703053998, 229.9450698, 99.01750762848492, DenseVector([232.5696, 233.3177, 227.7161])]
[221.02338198130815, 221.4079024, 99.82632940625706, DenseVector([229.9395, 231.2253, 216.2632])]
[223.06861687202957, 224.1848295, 99.50210162281724, DenseVector([221.4087, 227.8041, 218.1224])]
[225.25446997457283, 228.333342, 98.65158894515407, DenseVector([224.1895, 229.8553, 221.2219])]
[222.83244037034518, 225.9467951, 98.62164244096648, DenseVector([228.3333, 228.646, 222.9865])]
[228.92632379370755, 230.7048875, 99.22907411040762, DenseVector([225.6864, 232.7431, 224.3149])]
[224.88330872366913, 226.722979, 99.18858234641894, DenseVector([231.1948, 232.1479, 223.1762])]
[224.74621950106484, 226.3593386, 99.2873635746985, DenseVector([226.6998, 228.2929, 225.6915])]
[227.23119367887512, 228.807199, 99.31120815777965, DenseVector([225.1199, 230.5456, 224.6386])]
[223.8569144169142, 227.0958438, 98.57376104780751, DenseVector([229.3091, 229.9519, 223.464])]
[237.36633376967006, 238.929701, 99.34567899102258, DenseVector([227.7624, 240.9431, 227.1229])]
[236.93331193733604, 238.4339891, 99.37061105745516, DenseVector([241.6817, 243.6877, 234.9989])]
[244.9943593951317, 248.2818793, 98.67589212948724, DenseVector([239.5282, 249.1251, 238.0664])]
[239.63447911359265, 241.7872199, 99.10965484970724, DenseVector([247.2208, 247.7394, 238.0688])]
[235.84721187610504, 240.1467527, 98.2096194199777, DenseVector([242.0809, 242.2688, 235.9864])]
[236.78403738586485, 238.9943355, 99.07516715427126, DenseVector([241.3131, 241.7917, 237.9151])]
[239.45194795834664, 240.2236659, 99.67875024354403, DenseVector([239.4194, 244.077, 236.8387])]
[239.20021814950462, 239.3273162, 99.94689362981484, DenseVector([243.0083, 245.3246, 237.5844])]
[237.5944378044063, 240.8414253, 98.65181519684617, DenseVector([239.5314, 242.1453, 237.027])]
[236.2546090072413, 238.4254491, 99.08950990720449, DenseVector([240.5939, 241.4743, 236.781])]
[231.75995112624815, 233.0853182, 99.43138114232721, DenseVector([238.415, 239.2174, 230.2432])]
[230.52384778006706, 232.897595, 98.98077641379983, DenseVector([233.5424, 234.5993, 231.7125])]
[233.72021811011084, 235.7401242, 99.14316406816877, DenseVector([232.7959, 237.0574, 232.467])]
[233.70959122146303, 237.7425541, 98.30364282330348, DenseVector([236.0131, 238.1494, 233.5973])]
[234.1142610978714, 236.0678442, 99.1724484506778, DenseVector([239.181, 239.8137, 234.3969])]
[243.50567067136404, 245.2152675, 99.30281795009523, DenseVector([236.147, 247.0502, 235.7493])]
[263.39005149531266, 264.0682845, 99.74315999137437, DenseVector([245.8906, 269.0305, 242.1903])]
[275.78138071418704, 275.8085217, 99.9901594825114, DenseVector([264.2265, 280.686, 262.2727])]
[279.93431708872373, 282.0835889, 99.23807272175688, DenseVector([275.7213, 287.6347, 268.6071])]
[303.3067673119794, 305.6981196, 99.21774059613136, DenseVector([279.7126, 307.6532, 279.6944])]
[311.6325001188574, 312.1649089, 99.8294463067554, DenseVector([305.7558, 318.8569, 300.5163])]
[328.7552830330485, 329.6317211, 99.73411598130582, DenseVector([311.2394, 333.5038, 311.2257])]
[314.18371931706935, 317.150009, 99.06470452506572, DenseVector([322.2859, 327.1707, 306.229])]
[318.5770664108631, 322.5821788, 98.75842106218147, DenseVector([317.3983, 325.4885, 312.9462])]
[335.53989876022933, 336.2069898, 99.80158323294603, DenseVector([318.3179, 342.2069, 314.8993])]
[341.6993378789867, 346.0277183, 98.74912320831457, DenseVector([335.251, 349.8262, 329.2374])]
[386.05903056325576, 385.3971442, 99.8282586227696, DenseVector([346.8799, 393.4228, 343.7725])]
[379.44605336228796, 376.7304078, 99.27915413620404, DenseVector([387.632, 415.7138, 329.7443])]
[389.8198804305552, 389.0088526, 99.79151429970435, DenseVector([372.3311, 398.1827, 367.387])]
[392.9214179941935, 391.4719188, 99.62973099101546, DenseVector([386.3842, 401.1792, 381.6972])]
[398.70659123523563, 398.7823156, 99.98101110259856, DenseVector([389.774, 407.3695, 384.5097])]
[393.6281148119319, 395.0946703, 99.62880909353838, DenseVector([401.1943, 403.8119, 392.8564])]
[376.92410429629575, 382.7311752, 98.48272853637552, DenseVector([395.3629, 398.7224, 364.6082])]
[386.0557271952774, 390.8088262, 98.78377900239896, DenseVector([379.8457, 393.4507, 376.5715])]
[387.753999168568, 388.3353163, 99.85030536574146, DenseVector([397.2581, 400.23, 384.4176])]
[391.75313631302794, 395.3996937, 99.07775411942053, DenseVector([390.5046, 399.8477, 386.0718])]
[377.49545505175524, 375.7376316, 99.53216731465785, DenseVector([395.9138, 398.1079, 367.4094])]
[377.36312913696025, 385.6144268, 97.86022070504139, DenseVector([379.2203, 389.6744, 366.3961])]
[419.98848958016805, 426.5197718, 98.46870352756014, DenseVector([387.3416, 431.5745, 377.3046])]
[434.61783049598455, 439.4651312, 98.89699993016978, DenseVector([424.881, 444.6364, 418.1696])]
[431.3318703564815, 432.5808731, 99.71126722858368, DenseVector([438.9317, 443.199, 428.5819])]
[420.77876824834715, 432.9948223, 97.17870666749243, DenseVector([432.6225, 437.2198, 413.3228])]
[433.125719699737, 439.1354267, 98.63146841842742, DenseVector([433.8205, 446.4511, 420.8028])]
[419.4750125618951, 426.6580776, 98.31643524048332, DenseVector([431.3677, 434.2468, 415.1708])]
[406.1263484780481, 406.7773731, 99.83995554693948, DenseVector([422.4003, 427.0039, 394.2828])]
[410.95725508099264, 414.8923131, 99.05154713771259, DenseVector([407.9057, 419.5986, 403.0389])]
[397.34233319302496, 392.9193709, 98.87433335676631, DenseVector([416.3277, 419.084, 386.3047])]
[385.51155376881735, 393.7887017, 97.89807379047446, DenseVector([388.2547, 395.3279, 380.3753])]
[385.48110024399136, 392.2001782, 98.28682434902356, DenseVector([395.7004, 397.2779, 384.0667])]
[401.2767776174871, 406.0046386, 98.83551552543446, DenseVector([391.0886, 408.8267, 388.0029])]
[383.6803136507078, 383.7475334, 99.98248334036269, DenseVector([408.0598, 409.2408, 370.4093])]
[384.95370024310245, 386.4422056, 99.61481811889918, DenseVector([383.4401, 393.4237, 378.0926])]
[384.4897639997603, 381.5294807, 99.22410103294534, DenseVector([385.9955, 397.3093, 372.4341])]
[390.5570319467275, 391.9147664, 99.65356384355093, DenseVector([383.6367, 398.0638, 380.2926])]
[398.5830046577299, 402.903116, 98.92775429856191, DenseVector([395.6468, 406.0307, 392.6473])]
[421.689107001551, 423.0770923, 99.671930878861, DenseVector([399.0898, 428.0835, 398.8474])]
[427.82179965524324, 435.2801715, 98.2865353551358, DenseVector([429.006, 439.3442, 419.2186])]
[479.3788370123358, 480.5552222, 99.755202912523, DenseVector([434.1475, 488.8938, 429.8748])]
[446.36119671140267, 441.8792973, 98.98571862524716, DenseVector([475.4144, 481.3955, 421.8353])]
[419.60585448231694, 399.5571541, 94.98226970119543, DenseVector([440.3347, 451.0626, 392.6973])]
[390.17582532387553, 391.8715285, 99.56728084262328, DenseVector([382.5406, 401.1209, 372.7131])]
[350.57902891318946, 329.0848012, 93.4684836143112, DenseVector([386.0594, 394.8616, 312.1051])]
[344.8160380048219, 349.4605532, 98.67094722060948, DenseVector([335.4103, 359.4572, 317.2367])]
[337.9173494349391, 354.3037632, 95.37503818275536, DenseVector([353.0928, 357.5865, 325.1598])]
[337.2239986788239, 334.0254168, 99.04241362544604, DenseVector([353.7657, 356.7596, 326.0585])]
[350.7366610735952, 354.5133293, 98.93468935741797, DenseVector([337.6975, 359.3516, 331.064])]
[371.47226705415886, 367.1263141, 98.81622406587421, DenseVector([351.2087, 377.2493, 350.579])]
[363.7801401392407, 374.2875959, 97.19267860440489, DenseVector([368.2165, 375.454, 356.1668])]
[377.07935897753936, 383.9274938, 98.21629476058622, DenseVector([374.1001, 387.1178, 365.5623])]
[366.88257972781315, 364.5362188, 99.3563435382259, DenseVector([388.0735, 390.2243, 354.0953])]
[374.64106563447586, 373.5045266, 99.6957094349507, DenseVector([366.5649, 384.7087, 357.9141])]
[368.8983037799697, 365.8433246, 99.16494877054, DenseVector([377.4456, 382.064, 362.7308])]
[363.7933713597576, 367.4346465, 99.00900060053472, DenseVector([364.313, 373.7356, 355.5369])]
[387.64166107689533, 389.3184008, 99.56931403199562, DenseVector([365.5062, 394.2224, 363.8658])]
[379.95135524261974, 382.9262672, 99.22311102366177, DenseVector([389.5978, 392.6616, 376.0763])]
[379.23768134436693, 384.250568, 98.69541203758662, DenseVector([384.6413, 388.5076, 377.5894])]
[369.5892960226276, 367.3231537, 99.38306575564295, DenseVector([385.3986, 385.5321, 365.4523])]
[350.4357945810514, 347.5680273, 99.17490475078246, DenseVector([371.1952, 376.3668, 331.8381])]
[339.56994302572144, 345.1418278, 98.3856245967651, DenseVector([340.4567, 346.8119, 336.0199])]
[327.5225881416698, 322.3349075, 98.39059297613622, DenseVector([344.357, 344.9397, 320.3397])]
[343.85819186134955, 348.9888399, 98.52985326404117, DenseVector([320.5545, 350.7891, 316.9143])]
[347.29377270021047, 354.7818319, 97.88939045731628, DenseVector([348.9933, 357.9465, 338.3691])]
[348.0735046727745, 354.0452726, 98.31327562055253, DenseVector([352.0351, 356.1357, 346.3049])]
[353.43589508257315, 354.9380677, 99.5767789498712, DenseVector([354.1211, 362.125, 347.3861])]
[361.5169585667898, 361.7481129, 99.93610074939794, DenseVector([357.5575, 368.0385, 355.1669])]
[352.6585627885653, 357.3310058, 98.69240481917488, DenseVector([353.8337, 359.5173, 350.5194])]
[350.61840880931123, 358.7399607, 97.73608942955745, DenseVector([359.8496, 360.0294, 351.6408])]
[357.11191480805536, 352.0332682, 98.55733901684258, DenseVector([359.8348, 369.7003, 345.8641])]
[339.8562923692261, 345.3998476, 98.39503251976133, DenseVector([353.1722, 354.5845, 334.608])]
[345.41361124499457, 347.1718313, 99.49355912649315, DenseVector([345.8401, 351.3454, 344.0513])]
[348.3826421589848, 351.640032, 99.07365784763232, DenseVector([346.4838, 354.4595, 344.5204])]
[348.9981209934837, 352.6185941, 98.97326086397771, DenseVector([352.4947, 355.9014, 348.9764])]
[341.46663927301194, 340.348183, 99.67137880297956, DenseVector([353.6726, 355.0497, 337.3175])]
[334.17046790701085, 339.3783145, 98.46547455435926, DenseVector([340.7066, 342.8414, 333.3949])]
[344.63612823173713, 350.9546298, 98.199624386815, DenseVector([341.6884, 353.4102, 334.5351])]
[359.467982582783, 364.3294015, 98.6656528687496, DenseVector([351.1428, 366.4277, 347.8786])]
[372.8048123710476, 374.6844229, 99.49834836623191, DenseVector([365.3535, 378.3954, 365.0739])]
[371.26284835654, 372.7678334, 99.59626745963217, DenseVector([370.5332, 377.2715, 369.3971])]
[385.1143398742724, 393.107199, 97.96674821879118, DenseVector([374.2831, 395.1462, 366.0302])]
[376.1676942920547, 381.6256169, 98.56982278802958, DenseVector([386.6362, 387.5647, 375.4684])]
[378.0540036285334, 376.4695237, 99.57912132887654, DenseVector([381.4182, 387.6165, 373.7858])]
[371.6205568185641, 378.2395134, 98.25006210431638, DenseVector([379.2418, 381.6665, 370.4876])]
[366.0142362633009, 367.1522803, 99.69003487169707, DenseVector([377.9189, 379.8438, 361.8545])]
[364.2556998341017, 368.2368439, 98.91886319040377, DenseVector([365.8072, 370.5878, 363.8393])]
[371.0979638252567, 376.5122025, 98.56200180530848, DenseVector([368.5987, 377.0441, 367.5809])]
[376.0291541768597, 379.6604737, 99.04353500701532, DenseVector([378.5203, 384.3828, 373.1047])]
[367.65750387300665, 368.8607246, 99.6738008015632, DenseVector([379.3843, 380.2005, 365.7934])]
[393.1189622407276, 398.0277214, 98.76672932678996, DenseVector([368.7927, 399.2807, 368.1166])]
[414.85686127397196, 417.6331816, 99.33522515730392, DenseVector([390.9356, 421.0802, 390.8096])]
[406.8003048561809, 408.242839, 99.6466480226934, DenseVector([414.3409, 419.4432, 401.7776])]
[408.19801336909194, 405.3954329, 99.30867981194469, DenseVector([409.3147, 417.2895, 403.5021])]
[393.1890607023851, 391.4164093, 99.54711878187344, DenseVector([406.1713, 411.2792, 382.9157])]
[402.837091982901, 404.4218332, 99.60814647306262, DenseVector([393.1438, 410.2375, 390.386])]
[390.97319427965533, 388.1564436, 99.27432592551315, DenseVector([403.7494, 408.8585, 380.8122])]
[384.8132553655931, 386.0911828, 99.66900890480348, DenseVector([388.5708, 394.2768, 381.331])]
[379.3122149691075, 383.6848623, 98.86035448344752, DenseVector([387.393, 391.9974, 373.9042])]
[387.2192267256373, 388.4387981, 99.68603255382108, DenseVector([382.9711, 394.0119, 380.8602])]
[391.35946149194194, 395.9961822, 98.82909964376468, DenseVector([387.0036, 397.9808, 385.3428])]

+-------+------------------+
|summary|     MAPE Accuracy|
+-------+------------------+
|  count|               488|
|   mean| 98.75692080870282|
| stddev|1.5496267831338013|
|    min| 76.55970176250722|
|    max|  99.9948548910462|
+-------+------------------+

MAPE total accuracy
99.5986757169



